332
284
304
186
224
277
225
294
241
201
249
205
203
276
300
259
264
270
275
211
217
223
229
226
236
239
96
114
108
101
78
129
218
211
215
217
233
255
215
221
229
256
270
292
295
299
247
313
313
315
188
209
205
217
205
206
164
160
161
186
207
213
224
214
214
215
209
211
216
230
203
204
230
218
90
101
89
112
121
127
127
146
145
183
212
228
234
244
247
250
259
255
255
249
261
278
268
268
76
156
82
145
180
164
165
194
203
153
182
180
189
222
218
203
225
244
239
244
314
255
269
323
72
157
105
134
101
108
115
141
166
173
179
186
197
202
199
202
209
215
275
179
218
224
262
264
140
166
159
158
220
174
208
215
212
206
222
233
224
253
251
247
339
299
278
291
318
305
310
373
204
211
229
167
164
148
170
172
157
180
191
221
330
234
260
271
264
260
239
255
243
241
203
220
68
95
94
111
113
115
116
139
142
155
170
209
225
219
224
245
262
267
262
272
255
261
238
249
120
103
110
194
201
210
193
202
209
215
228
279
276
288
292
294
326
309
317
382
372
377
391
412
295
320
331
337
301
291
323
249
274
329
253
315
310
326
336
328
323
327
328
269
262
295
283
283
192
177
196
192
145
197
204
211
252
220
218
230
291
267
275
303
280
260
293
275
246
268
274
264
64
52
48
51
61
31
47
56
64
89
122
143
164
181
211
182
197
197
196
170
166
168
201
183
0
8
11
19
65
43
49
64
174
161
208
198
264
272
306
313
307
300
261
321
317
248
307
229
206
213
207
221
227
238
212
228
177
202
213
255
252
261
323
323
328
330
342
333
331
348
177
194
201
213
145
204
201
283
290
297
299
335
322
329
321
355
361
368
365
355
374
338
408
392
257
287
242
204
233
136
208
162
201
232
249
304
249
255
332
326
298
304
302
251
231
320
334
331
173
123
141
195
188
193
170
153
226
265
268
270
263
269
275
255
224
221
227
311
296
312
307
311
143
166
159
167
189
197
217
229
217
224
301
274
269
276
264
258
247
235
270
343
388
377
370
316
121
183
163
198
164
198
223
141
171
162
213
190
234
251
224
206
231
220
290
176
230
198
214
226
31
39
34
27
30
69
68
67
72
154
179
201
218
220
242
229
245
226
244
262
268
206
202
211